# GIMP colorrc
# 
# This file holds a list of recently used colors.

(color-history
    (color-rgba 0.060626 0.236287 0.060626 1.000000)
    (color-rgba 0.751055 0.272194 0.563148 1.000000)
    (color-rgba 0.030385 0.097443 0.156118 1.000000)
    (color-rgba 0.043137 0.074510 0.101961 1.000000)
    (color-rgba 0.040956 0.027646 0.013469 1.000000)
    (color-rgba 0.000000 0.000000 0.000000 1.000000)
    (color-rgba 0.003922 0.003922 0.003922 1.000000)
    (color-rgba 0.007843 0.007843 0.007843 1.000000)
    (color-rgba 0.019608 0.019608 0.019608 1.000000)
    (color-rgba 0.047059 0.047059 0.047059 1.000000)
    (color-rgba 0.098039 0.098039 0.098039 1.000000)
    (color-rgba 0.055946 0.057000 0.054891 1.000000)
    (color-rgba 0.501181 0.508000 0.494362 1.000000)
    (color-rgba 0.354333 0.359000 0.349666 1.000000)
    (color-rgba 0.056060 0.057000 0.055119 1.000000)
    (color-rgba 0.492513 0.499000 0.486026 1.000000)
    (color-rgba 0.383943 0.389000 0.378886 1.000000)
    (color-rgba 0.047300 0.050000 0.049190 1.000000)
    (color-rgba 0.507383 0.525000 0.519715 1.000000)
    (color-rgba 0.337255 0.376471 0.364706 1.000000)
    (color-rgba 0.058544 0.061000 0.060263 1.000000)
    (color-rgba 0.506738 0.528000 0.521621 1.000000)
    (color-rgba 0.068320 0.070000 0.069496 1.000000)
    (color-rgba 0.493856 0.506000 0.502357 1.000000)
    (color-rgba 0.498456 0.516000 0.510737 1.000000)
    (color-rgba 0.666667 0.062745 0.062745 1.000000)
    (color-rgba 0.550000 0.524792 0.247500 1.000000)
    (color-rgba 0.827451 0.827451 0.827451 1.000000)
    (color-rgba 0.074510 0.082353 0.090196 1.000000)
    (color-rgba 0.835294 0.835294 0.835294 1.000000)
    (color-rgba 0.831373 0.831373 0.831373 1.000000)
    (color-rgba 0.062745 0.058824 0.058824 1.000000)
    (color-rgba 0.500000 0.482917 0.250000 1.000000)
    (color-rgba 0.843137 0.843137 0.843137 1.000000)
    (color-rgba 0.835294 0.835294 0.835294 0.000000)
    (color-rgba 0.141176 0.141176 0.141176 1.000000)
    (color-rgba 0.141176 0.141176 0.141176 0.000000)
    (color-rgba 0.043137 0.043137 0.043137 1.000000)
    (color-rgba 0.293893 0.295784 0.302000 1.000000)
    (color-rgba 0.025349 0.025555 0.026230 1.000000)
    (color-rgba 0.090196 0.090196 0.090196 1.000000)
    (color-rgba 0.301903 0.310651 0.321311 1.000000)
    (color-rgba 0.114556 0.119079 0.124590 1.000000)
    (color-rgba 0.020332 0.021513 0.022951 1.000000)
    (color-rgba 0.121025 0.131499 0.144262 1.000000)
    (color-rgba 0.009310 0.009621 0.010000 1.000000)
    (color-rgba 0.082353 0.082353 0.086275 1.000000)
    (color-rgba 0.098039 0.094118 0.094118 1.000000)
    (color-rgba 0.839216 0.839216 0.839216 1.000000)
    (color-rgba 0.665378 0.063436 0.063436 1.000000)
    (color-rgba 0.121569 0.117647 0.117647 1.000000)
    (color-rgba 0.121569 0.121569 0.121569 1.000000)
    (color-rgba 0.839000 0.839000 0.839000 1.000000)
    (color-rgba 0.850980 0.850980 0.850980 1.000000)
    (color-rgba 0.784104 0.114201 0.114201 1.000000)
    (color-rgba 0.310000 0.310000 0.310000 1.000000)
    (color-rgba 0.050000 0.050000 0.050000 1.000000)
    (color-rgba 0.200000 0.200000 0.200000 1.000000)
    (color-rgba 0.320000 0.320000 0.320000 1.000000)
    (color-rgba 0.300000 0.300000 0.300000 1.000000)
    (color-rgba 0.040000 0.040000 0.040000 1.000000)
    (color-rgba 0.215000 0.215000 0.215000 1.000000)
    (color-rgba 0.288580 0.291650 0.307000 1.000000)
    (color-rgba 0.177000 0.177000 0.177000 1.000000)
    (color-rgba 0.047000 0.047000 0.047000 1.000000)
    (color-rgba 0.066667 0.066667 0.066667 1.000000)
    (color-rgba 0.133333 0.133333 0.133333 1.000000)
    (color-rgba 0.558440 0.570580 0.607000 1.000000)
    (color-rgba 0.547000 0.547000 0.547000 1.000000)
    (color-rgba 0.277000 0.277000 0.277000 1.000000)
    (color-rgba 0.811765 0.811765 0.811765 1.000000)
    (color-rgba 0.601400 0.607600 0.620000 1.000000)
    (color-rgba 0.188235 0.188235 0.188235 1.000000)
    (color-rgba 0.595200 0.599333 0.620000 1.000000)
    (color-rgba 0.255360 0.257133 0.266000 1.000000)
    (color-rgba 0.581760 0.585800 0.606000 1.000000)
    (color-rgba 0.264960 0.266800 0.276000 1.000000)
    (color-rgba 0.591360 0.595467 0.616000 1.000000)
    (color-rgba 0.466560 0.469800 0.486000 1.000000)
    (color-rgba 0.504960 0.508467 0.526000 1.000000)
    (color-rgba 0.416000 0.399360 0.399360 1.000000)
    (color-rgba 0.211373 0.212092 0.215686 1.000000)
    (color-rgba 0.054902 0.054902 0.054902 1.000000)
    (color-rgba 0.394000 0.382180 0.382180 1.000000)
    (color-rgba 0.214000 0.214000 0.214000 1.000000)
    (color-rgba 0.044000 0.044000 0.044000 1.000000)
    (color-rgba 0.114000 0.114000 0.114000 1.000000)
    (color-rgba 0.215820 0.216209 0.218000 1.000000)
    (color-rgba 0.126720 0.126948 0.128000 1.000000)
    (color-rgba 0.094118 0.094118 0.094118 1.000000)
    (color-rgba 0.359000 0.359000 0.359000 1.000000)
    (color-rgba 0.317000 0.317000 0.317000 1.000000)
    (color-rgba 0.337000 0.337000 0.337000 1.000000)
    (color-rgba 0.737000 0.737000 0.737000 1.000000)
    (color-rgba 0.717000 0.717000 0.717000 1.000000)
    (color-rgba 0.666667 0.666667 0.666667 1.000000)
    (color-rgba 0.439216 0.439216 0.439216 1.000000)
    (color-rgba 0.247059 0.247059 0.247059 1.000000)
    (color-rgba 0.168627 0.168627 0.168627 1.000000)
    (color-rgba 0.125000 0.125000 0.125000 1.000000)
    (color-rgba 0.365000 0.365000 0.365000 1.000000)
    (color-rgba 0.415000 0.375429 0.333660 1.000000)
    (color-rgba 0.445000 0.409063 0.371130 1.000000)
    (color-rgba 0.505000 0.464218 0.421170 1.000000)
    (color-rgba 0.153000 0.146862 0.140301 1.000000)
    (color-rgba 0.472757 0.453792 0.433519 1.000000)
    (color-rgba 0.472757 0.403549 0.329568 1.000000)
    (color-rgba 0.606557 0.130267 0.130267 1.000000)
    (color-rgba 0.450000 0.450000 0.450000 1.000000)
    (color-rgba 0.420000 0.420000 0.420000 1.000000)
    (color-rgba 0.278431 0.270588 0.384314 1.000000)
    (color-rgba 0.333333 0.333333 0.333333 1.000000)
    (color-rgba 0.361000 0.361000 0.361000 1.000000)
    (color-rgba 0.261000 0.261000 0.261000 1.000000)
    (color-rgba 0.070588 0.070588 0.070588 1.000000)
    (color-rgba 0.035294 0.035294 0.035294 1.000000)
    (color-rgba 0.466667 0.466667 0.466667 1.000000)
    (color-rgba 0.205000 0.198594 0.192187 1.000000)
    (color-rgba 0.125490 0.121569 0.117647 1.000000)
    (color-rgba 0.000000 0.011765 0.015686 1.000000)
    (color-rgba 0.823529 0.835294 0.839216 1.000000)
    (color-rgba 0.659278 0.780337 0.820690 1.000000)
    (color-rgba 0.047059 0.058824 0.062745 1.000000)
    (color-rgba 0.098039 0.109804 0.113725 1.000000)
    (color-rgba 0.839216 0.084761 0.147632 1.000000)
    (color-rgba 0.037356 0.055891 0.062069 1.000000)
    (color-rgba 0.710509 0.141937 0.154939 1.000000)
    (color-rgba 0.050980 0.023529 0.713725 1.000000)
    (color-rgba 0.098039 0.070588 0.760784 1.000000)
    (color-rgba 0.196078 0.168627 0.858824 1.000000)
    (color-rgba 0.247059 0.219608 0.909804 1.000000)
    (color-rgba 0.000770 0.012488 0.016393 1.000000)
    (color-rgba 1.000000 1.000000 1.000000 1.000000)
    (color-rgba 0.874510 0.874510 0.874510 1.000000)
    (color-rgba 0.749020 0.749020 0.749020 1.000000)
    (color-rgba 0.623529 0.623529 0.623529 1.000000)
    (color-rgba 0.498039 0.498039 0.498039 1.000000)
    (color-rgba 0.372549 0.372549 0.372549 1.000000)
    (color-rgba 0.022775 0.027825 0.029508 1.000000)
    (color-rgba 0.778083 0.815271 0.852459 1.000000)
    (color-rgba 0.125490 0.125490 0.109804 1.000000)
    (color-rgba 0.014303 0.014303 0.014303 1.000000))

# end of colorrc
